1400025251411740000
1400025251512751000
1400025251614239000
1400025251715232000
1400025251816278000
1400025251917582000
1400025252018738000
1400025252119774000
1400025252220401000
1400025252321515000
1400025252422268000
1400025252523731000
1400025252624818000
1400025252725785000
1400025252827047000
1400025252927459000
1400025253028741000
1400025253129944000
1400025253230571000
1400025253331024000
1400025253431655000
1400025253532356000
1400025253633538000
1400025253734962000
1400025253835556000
1400025253936435000
1400025254036764000
1400025254137605000
1400025254238886000
1400025254339589000
1400025256341070000
1400025256341347000
1400025256341502000
1400025256341750000
1400025256341910000
1400025256342042000
1400025256342176000
1400025256342279000
1400025256342380000
1400025256342483000
1400025256342577000
1400025256342676000
1400025256342799000
1400025256342929000
1400025256343025000
1400025256343119000
1400025256343211000
1400025256343303000
1400025256343396000
1400025256359825000
1400025256460924000
1400025256562227000
1400025256664418000
1400025256766079000
1400025256866177000
1400025256966342000
1400025257067396000
1400025257168609000
1400025257269742000
1400025257370402000
1400025257472096000
1400025257573238000
1400025257673870000
1400025257773737000
1400025257875016000
1400025257975409000
1400025258075849000
1400025258176455000
1400025258277205000
1400025258378417000
1400025258479743000
1400025258580525000
1400025258682016000
1400025258783034000
1400025258883407000
1400025258984661000
1400025259085929000
1400025259186475000
1400025259286948000
1400025259387501000
1400025260388872000
1400025260389155000
1400025260389298000
1400025260389535000
1400025260389813000
1400025260389974000
1400025260390102000
1400025260390197000
1400025260390289000
1400025260396046000
1400025260496502000
1400025260596691000
1400025260697365000
1400025260798060000
1400025260898909000
1400025260999474000
1400025261100238000
1400025261200974000
1400025261301615000
1400025261402743000
1400025261503971000
1400025261604934000
1400025261705486000
1400025261806522000
1400025261907616000
1400025262008372000
1400025262109449000
1400025262210099000
1400025262311296000
1400025262412037000
1400025262512198000
1400025262614006000
1400025262714878000
1400025262815777000
1400025262916490000
1400025263017178000
1400025263118736000
1400025263218854000
1400025263319355000
1400025263420299000
1400025263520460000
1400025263621654000
1400025263722771000
1400025263824045000
1400025263925337000
1400025264025728000
1400025264126856000
1400025264228044000
1400025264328796000
1400025264429647000
